     0/299     4.31G      6.79      4.17         0        11        20       512         0         0     0.112         0      5.81      2.06         0
     1/299     4.49G         5      2.36         0      7.36        33       512     0.569      0.37     0.392     0.448      4.75      1.48         0
     2/299     5.09G      4.45      1.89         0      6.34        16       512     0.369     0.413     0.338      0.39      4.61      1.31         0
     3/299     5.74G      4.61      1.56         0      6.17        16       512     0.246     0.486     0.236     0.326       5.3      1.36         0
     4/299     7.62G      3.96      1.61         0      5.57        33       512     0.358     0.535      0.39     0.429      3.97      1.32         0
     5/299     10.1G      3.61      1.35         0      4.96        22       512     0.294     0.565     0.243     0.387      3.72      1.17         0
     6/299     10.1G      3.14      1.32         0      4.47        19       512     0.598     0.442     0.422     0.508      4.77      1.16         0
     7/299     10.1G      3.22      1.21         0      4.43        20       512     0.583       0.5     0.498     0.538      3.51      1.11         0
     8/299     10.1G      3.33      1.24         0      4.57        26       512     0.627     0.536     0.505     0.578      3.72      1.01         0
     9/299     10.1G      3.52      1.24         0      4.76        21       512     0.218     0.442     0.139     0.292      4.02      1.25         0
    10/299     10.1G      3.31      1.33         0      4.64        22       512     0.555     0.565      0.45      0.56      3.43      1.02         0
    11/299     10.1G      3.04      1.23         0      4.27        18       512     0.564     0.442     0.445     0.496      4.12      1.05         0
    12/299     10.1G      2.86      1.17         0      4.03        20       512     0.652     0.551     0.586     0.597      3.36     0.972         0
    13/299     10.1G      2.81      1.12         0      3.92        18       512     0.601     0.572     0.577     0.587      3.52     0.928         0
    14/299     10.1G      2.81      1.01         0      3.82        24       512     0.742     0.644     0.664      0.69      3.07     0.855         0
    15/299     10.1G      2.61      1.05         0      3.65        21       512     0.642     0.688     0.664     0.664      3.04     0.839         0
    16/299     10.1G      2.66      1.03         0      3.69        29       512     0.764     0.565     0.617      0.65      3.18     0.846         0
    17/299     10.1G      2.68     0.909         0      3.59        19       512     0.693      0.54     0.582     0.607      3.07     0.833         0
    18/299     10.1G      2.47      0.87         0      3.34        24       512     0.749     0.562     0.623     0.642      3.03     0.878         0
    19/299     10.1G      2.47     0.884         0      3.35        24       512     0.695     0.659     0.661     0.677      3.11     0.716         0
    20/299     10.1G      2.32      0.89         0      3.21        22       512     0.758      0.63     0.633     0.689      3.05     0.778         0
    21/299     10.1G      2.49     0.834         0      3.32        24       512     0.788     0.623     0.674     0.696       2.9     0.737         0
    22/299     10.1G       2.5     0.807         0      3.31        25       512     0.762     0.609     0.675     0.677      2.81     0.752         0
    23/299     10.1G      2.19     0.784         0      2.97        27       512     0.771     0.703     0.712     0.735      2.78     0.712         0
    24/299     10.1G      2.23     0.784         0      3.01        18       512     0.666     0.649     0.669     0.657      2.73     0.731         0
    25/299     10.1G      2.32     0.743         0      3.06        22       512     0.753      0.63     0.691     0.686       2.8     0.758         0
    26/299     10.1G      2.17     0.779         0      2.95        25       512     0.798     0.652     0.708     0.718      2.76     0.699         0
    27/299     10.1G       2.2     0.759         0      2.96        23       512     0.833     0.609      0.72     0.703      2.79     0.723         0
    28/299     10.1G      2.24      0.73         0      2.97        20       512     0.832     0.647     0.713     0.728      2.74     0.752         0
    29/299     10.1G      2.04     0.747         0      2.79        24       512     0.777     0.667     0.668     0.718      2.86     0.777         0
    30/299     10.1G      2.13     0.723         0      2.86        20       512      0.76      0.63     0.658     0.689      2.84      0.76         0
    31/299     10.1G      2.09     0.707         0       2.8        22       512       0.8     0.688     0.737      0.74      2.77     0.796         0
    32/299     10.1G       2.1     0.727         0      2.83        29       512     0.849     0.601     0.656     0.704       2.7     0.881         0
    33/299     10.1G      2.12     0.726         0      2.84        23       512     0.763     0.667     0.665     0.711      2.61     0.814         0
    34/299     10.1G      2.01     0.692         0       2.7        19       512     0.705     0.674     0.684     0.689      2.61     0.779         0
    35/299     10.1G      2.17      0.68         0      2.85        21       512     0.778     0.661     0.706     0.715      2.64     0.819         0
    36/299     10.1G      2.13     0.744         0      2.88        21       512     0.763     0.632     0.662     0.691      2.75     0.831         0
    37/299     10.1G      2.19     0.697         0      2.89        17       512     0.739     0.676     0.678     0.706      2.77     0.803         0
    38/299     10.1G      2.12     0.663         0      2.78        28       512     0.796     0.623     0.683     0.699      2.91     0.774         0
    39/299     10.1G      1.93     0.668         0       2.6        24       512     0.824     0.616     0.683     0.705      2.86     0.818         0
    40/299     10.1G      1.87     0.686         0      2.55        27       512     0.806     0.623     0.676     0.703      2.82     0.848         0
    41/299     10.1G      1.98     0.667         0      2.64        24       512     0.829     0.634     0.663     0.718      2.97     0.818         0
    42/299     10.1G      1.87     0.669         0      2.54        23       512     0.828     0.626     0.677     0.713      2.77     0.792         0
    43/299     10.1G      1.88     0.632         0      2.51        35       512      0.83     0.603     0.691     0.699      2.71     0.867         0
    44/299     10.1G      1.68     0.632         0      2.31        30       512     0.837     0.601     0.669       0.7       2.8     0.894         0
    45/299     10.1G      1.92     0.664         0      2.59        21       512      0.85     0.615     0.662     0.713      2.73     0.904         0
    46/299     10.1G      1.88     0.609         0      2.49        22       512      0.83     0.572     0.643     0.678       2.8     0.946         0
    47/299     10.1G      1.91     0.657         0      2.56        22       512     0.786      0.58     0.662     0.667      2.76     0.895         0
    48/299     10.1G      1.88     0.617         0       2.5        20       512     0.876      0.58      0.69     0.698       2.8     0.915         0
    49/299     10.1G      1.88     0.642         0      2.52        30       512     0.855      0.63       0.7     0.726      2.76     0.819         0
    50/299     10.1G      1.97     0.617         0      2.59        24       512     0.888     0.629     0.697     0.737      2.77     0.863         0
    51/299     10.1G      1.82     0.617         0      2.44        25       512     0.862     0.652     0.677     0.742      2.81     0.864         0
    52/299     10.1G      1.73     0.602         0      2.34        27       512     0.816     0.623     0.671     0.707      2.78     0.873         0
    53/299     10.1G      1.68     0.569         0      2.25        19       512     0.838     0.562     0.633     0.673       2.8         1         0
    54/299     10.1G      1.78     0.559         0      2.34        27       512     0.866     0.561     0.663     0.681      2.73      1.04         0
    55/299     10.1G      1.66     0.558         0      2.22        25       512     0.829     0.609     0.684     0.702      2.76     0.955         0
    56/299     10.1G      1.88     0.561         0      2.44        29       512     0.777     0.616     0.657     0.687      2.83     0.915         0
    57/299     10.1G      1.69       0.6         0      2.29        25       512     0.911      0.59     0.658     0.716      2.84     0.985         0
    58/299     10.1G      1.53     0.551         0      2.09        26       512     0.884     0.607      0.67      0.72      2.88     0.968         0
    59/299     10.1G      1.77     0.562         0      2.33        22       512     0.829      0.63     0.693     0.716      2.67     0.958         0
    60/299     10.1G       1.7     0.574         0      2.27        19       512     0.862     0.645     0.716     0.738      2.76     0.853         0
    61/299     10.1G      1.71     0.543         0      2.25        25       512     0.856     0.602     0.672     0.707      2.78     0.933         0
    62/299     10.1G      1.67     0.543         0      2.21        25       512     0.831     0.609     0.664     0.703      2.72     0.968         0
    63/299     10.1G      1.55     0.527         0      2.07        22       512     0.821     0.599     0.645     0.692       2.8     0.941         0
    64/299     10.1G      1.62     0.557         0      2.18        20       512     0.807     0.587     0.649     0.679      2.77     0.967         0
    65/299     10.1G      1.56     0.575         0      2.14        21       512     0.883     0.616     0.686     0.726      2.81      0.93         0
    66/299     10.1G      1.53     0.548         0      2.07        30       512      0.87      0.63     0.719     0.731      2.62     0.872         0
    67/299     10.1G      1.56     0.523         0      2.08        25       512     0.852     0.674      0.73     0.752      2.42     0.902         0
    68/299     10.1G      1.52     0.532         0      2.06        27       512     0.831     0.642     0.726     0.724      2.49     0.965         0
    69/299     10.1G      1.58     0.543         0      2.12        21       512     0.881     0.645     0.716     0.745      2.61     0.994         0
    70/299     10.1G      1.69     0.538         0      2.23        22       512     0.896     0.638     0.713     0.745      2.63      1.05         0
    71/299     10.1G      1.58     0.499         0      2.08        19       512     0.826     0.638     0.694      0.72      2.61     0.982         0
    72/299     10.1G      1.53     0.562         0      2.09        24       512     0.901     0.662     0.712     0.763      2.64      0.97         0
    73/299     10.1G      1.52     0.556         0      2.08        21       512     0.871     0.652     0.682     0.746       2.6     0.913         0
    74/299     10.1G      1.56     0.522         0      2.08        22       512     0.857     0.565     0.624     0.681      2.73      1.09         0
    75/299     10.1G       1.6     0.507         0      2.11        15       512     0.868     0.617      0.66     0.721      2.61      1.09         0
    76/299     10.1G      1.54     0.543         0      2.08        30       512     0.896     0.616     0.687      0.73      2.94      1.01         0
    77/299     10.1G       1.6     0.514         0      2.11        18       512     0.881     0.589     0.679     0.706      2.87      1.05         0
    78/299     10.1G      1.48     0.527         0         2        22       512     0.872     0.593     0.669     0.706       2.8      1.02         0
    79/299     10.1G      1.53      0.53         0      2.06        30       512     0.892     0.616     0.674     0.729      2.82      1.07         0
    80/299     10.1G      1.51     0.532         0      2.04        17       512     0.854     0.594     0.673     0.701      2.84      1.08         0
    81/299     10.1G      1.53     0.513         0      2.04        19       512     0.853     0.589     0.639     0.697      2.96      1.06         0
    82/299     10.1G      1.48     0.474         0      1.95        21       512     0.856     0.609     0.655     0.711      3.03      1.04         0
    83/299     10.1G      1.47     0.501         0      1.97        31       512      0.88     0.587     0.666     0.704      3.12      1.02         0
    84/299     10.1G      1.39     0.503         0       1.9        22       512     0.874     0.604     0.653     0.715      3.21      1.06         0
    85/299     10.1G      1.51     0.505         0      2.02        21       512     0.868     0.616      0.67     0.721      3.11         1         0
    86/299     10.1G      1.51     0.492         0         2        29       512      0.83     0.616     0.637     0.707      2.77      1.01         0
    87/299     10.1G      1.54     0.482         0      2.02        22       512     0.813     0.632     0.667     0.711      2.85     0.928         0
    88/299     10.1G       1.5     0.529         0      2.03        25       512     0.861     0.609     0.671     0.713      3.09     0.944         0
    89/299     10.1G      1.37     0.442         0      1.82        18       512     0.895     0.557     0.649     0.687      3.19      1.04         0
    90/299     10.1G      1.39     0.489         0      1.88        27       512     0.789     0.572     0.635     0.664      3.87      1.01         0
    91/299     10.1G      1.48     0.512         0      1.99        23       512     0.835     0.601      0.65     0.699      3.54      1.03         0
    92/299     10.1G       1.3     0.473         0      1.78        24       512     0.847     0.594     0.659     0.699      2.87      1.11         0
    93/299     10.1G      1.45     0.477         0      1.93        23       512     0.868     0.616     0.652      0.72      2.74      1.17         0
    94/299     10.1G       1.4     0.464         0      1.86        18       512     0.884     0.607     0.641      0.72      2.65      1.14         0
    95/299     10.1G      1.35      0.49         0      1.84        27       512     0.871     0.572     0.621     0.691      2.89      1.06         0
    96/299     10.1G      1.44     0.518         0      1.96        30       512     0.881     0.609     0.659      0.72      2.81      1.06         0
    97/299     10.1G      1.51     0.506         0      2.01        29       512     0.878     0.625     0.664      0.73      2.51       1.1         0
    98/299     10.1G      1.42     0.471         0      1.89        25       512     0.849     0.594     0.639     0.699      2.68     0.983         0
    99/299     10.1G      1.42     0.502         0      1.92        23       512     0.878     0.575     0.644     0.695      2.69         1         0
   100/299     10.1G      1.42     0.474         0      1.89        20       512     0.873     0.551     0.659     0.675      2.65      1.14         0
   101/299     10.1G      1.37     0.482         0      1.85        22       512     0.909     0.582      0.66     0.709      2.64      1.15         0
   102/299     10.1G      1.36     0.476         0      1.83        26       512      0.87     0.565     0.669     0.685      2.56      1.09         0
   103/299     10.1G      1.37     0.465         0      1.83        32       512     0.874     0.594     0.656     0.707       2.8      1.06         0
   104/299     10.1G      1.29     0.452         0      1.74        20       512      0.85     0.601     0.637     0.704      2.69      1.07         0
   105/299     10.1G      1.33     0.437         0      1.77        27       512     0.892     0.601     0.651     0.718      2.53      1.02         0
   106/299     10.1G      1.18     0.448         0      1.62        22       512     0.839     0.638      0.67     0.725      2.62     0.969         0
   107/299     10.1G      1.28      0.45         0      1.73        23       512     0.866     0.608     0.672     0.715      2.61      1.02         0
   108/299     10.1G      1.28     0.446         0      1.72        21       512     0.925     0.587     0.676     0.718      2.62      1.05         0
   109/299     10.1G      1.27     0.446         0      1.71        23       512     0.906     0.626       0.7      0.74      2.59      1.03         0
   110/299     10.1G      1.27     0.462         0      1.74        23       512     0.878     0.659     0.699     0.753      2.55      1.03         0
   111/299     10.1G      1.31      0.45         0      1.76        19       512     0.906     0.623     0.671     0.738      2.56      1.06         0
   112/299     10.1G      1.19     0.468         0      1.66        20       512     0.897     0.628     0.692     0.738      2.61      1.12         0
   113/299     10.1G      1.29     0.468         0      1.76        26       512     0.896      0.63     0.678      0.74      2.61       1.1         0
   114/299     10.1G      1.27     0.439         0      1.71        19       512      0.85     0.616     0.673     0.714      2.64      1.05         0
   115/299     10.1G      1.15     0.403         0      1.56        27       512     0.925     0.628     0.691     0.748      2.68      1.08         0
   116/299     10.1G      1.22     0.462         0      1.68        20       512     0.915     0.621     0.688     0.739      2.69      1.11         0
   117/299     10.1G       1.2     0.431         0      1.63        27       512     0.927     0.641     0.704     0.758      2.61      1.12         0
   118/299     10.1G      1.14     0.439         0      1.58        27       512     0.867      0.63     0.675      0.73      2.57      1.13         0
   119/299     10.1G      1.18     0.407         0      1.59        23       512     0.863     0.594     0.664     0.704      2.63      1.11         0
   120/299     10.1G      1.21     0.436         0      1.64        22       512     0.905     0.616      0.68     0.733      2.55      1.16         0
   121/299     10.1G      1.23     0.427         0      1.66        21       512     0.878     0.601     0.656     0.714      2.62      1.22         0
   122/299     10.1G      1.07     0.441         0      1.51        30       512     0.906     0.609     0.676     0.728      2.75      1.16         0
   123/299     10.1G      1.13      0.45         0      1.58        25       512     0.915     0.621     0.682      0.74      2.75      1.05         0
   124/299     10.1G      1.06     0.403         0      1.47        24       512      0.91     0.583     0.703      0.71      2.68      1.08         0
   125/299     10.1G      1.12     0.424         0      1.54        24       512      0.92     0.587     0.691     0.717      2.66       1.1         0
   126/299     10.1G      1.14      0.44         0      1.58        25       512      0.92     0.616     0.681     0.738      2.61      1.09         0
   127/299     10.1G      1.16     0.423         0      1.58        19       512     0.927     0.616     0.685      0.74      2.63      1.15         0
   128/299     10.1G      1.13     0.408         0      1.53        19       512     0.933     0.602     0.687     0.731      2.57      1.15         0
   129/299     10.1G      1.13      0.43         0      1.56        22       512     0.899     0.601     0.665     0.721      2.54      1.21         0
   130/299     10.1G      1.19     0.451         0      1.64        20       512     0.951     0.557     0.642     0.702      2.57      1.23         0
   131/299     10.1G      1.14     0.396         0      1.54        23       512     0.906     0.557      0.65     0.689       2.6      1.14         0
   132/299     10.1G      1.04      0.42         0      1.46        22       512     0.856     0.587     0.658     0.697      2.56      1.14         0
   133/299     10.1G      1.18     0.425         0       1.6        24       512     0.891     0.591     0.674      0.71      2.56       1.2         0
   134/299     10.1G       1.2     0.406         0      1.61        20       512     0.915     0.549     0.636     0.686      2.71      1.23         0
   135/299     10.1G      1.04     0.406         0      1.44        33       512     0.899     0.583     0.634     0.707      2.69      1.22         0
   136/299     10.1G      1.15     0.422         0      1.57        19       512     0.869     0.594     0.662     0.706       2.6      1.19         0
   137/299     10.1G      1.08     0.401         0      1.48        19       512     0.833     0.615     0.639     0.707      2.71      1.09         0
   138/299     10.1G      1.18     0.417         0       1.6        19       512     0.852     0.624     0.671      0.72      2.63      1.07         0
   139/299     10.1G       1.1     0.383         0      1.49        33       512     0.843      0.63     0.685     0.722      2.59      1.12         0
   140/299     10.1G      1.17      0.43         0       1.6        23       512     0.876     0.601     0.681     0.713      2.59       1.2         0
   141/299     10.1G      1.11     0.402         0      1.51        20       512     0.891     0.595     0.642     0.713       2.6      1.19         0
   142/299     10.1G      1.07     0.372         0      1.44        22       512      0.88      0.58     0.635     0.699      2.59      1.17         0
   143/299     10.1G      1.01     0.386         0      1.39        24       512     0.899     0.578     0.661     0.704      2.59      1.12         0
   144/299     10.1G      1.17     0.431         0       1.6        21       512     0.868     0.621     0.665     0.724      2.57      1.05         0
   145/299     10.1G      1.05     0.409         0      1.46        25       512     0.845     0.594     0.645     0.698      2.55      1.07         0
   146/299     10.1G      1.07      0.38         0      1.45        16       512     0.845     0.587     0.686     0.693      2.47      1.06         0
   147/299     10.1G      1.09     0.383         0      1.48        21       512     0.867     0.614     0.685     0.719      2.51      1.08         0
   148/299     10.1G      1.07     0.355         0      1.42        26       512     0.888     0.631     0.703     0.738      2.61      1.06         0
   149/299     10.1G      1.08      0.39         0      1.47        18       512     0.873     0.609     0.681     0.717      2.47      1.12         0
   150/299     10.1G      1.06     0.389         0      1.44        23       512     0.873       0.6     0.674     0.711      2.49      1.14         0
   151/299     10.1G      1.11     0.385         0       1.5        19       512     0.876     0.615      0.69     0.723       2.6      1.12         0
   152/299     10.1G      1.04     0.414         0      1.45        34       512     0.888      0.63     0.719     0.737      2.57      1.09         0
   153/299     10.1G      1.18     0.381         0      1.56        29       512     0.932     0.593     0.707     0.725      2.54      1.13         0
   154/299     10.1G     0.979     0.386         0      1.36        23       512     0.879     0.634     0.711     0.737      2.36      1.12         0
   155/299     10.1G      1.05     0.381         0      1.43        21       512     0.861     0.609     0.673     0.713      2.49      1.13         0
   156/299     10.1G      0.99     0.401         0      1.39        19       512     0.864     0.623      0.69     0.724      2.67      1.14         0
   157/299     10.1G     0.992     0.361         0      1.35        21       512     0.882      0.65     0.701     0.749       2.7       1.1         0
   158/299     10.1G     0.974     0.385         0      1.36        19       512     0.848     0.616     0.668     0.714      2.67      1.15         0
   159/299     10.1G      1.14     0.376         0      1.52        37       512     0.904     0.645     0.695     0.753      2.76      1.06         0
   160/299     10.1G     0.936      0.37         0      1.31        23       512     0.892     0.645      0.68     0.749      2.74      1.09         0
   161/299     10.1G      1.03     0.373         0       1.4        22       512     0.854     0.592     0.625     0.699      2.62      1.14         0
   162/299     10.1G      1.05     0.351         0       1.4        31       512     0.866     0.609     0.643     0.715      2.68      1.13         0
   163/299     10.1G      1.04     0.342         0      1.39        22       512      0.87     0.609     0.628     0.716      2.63      1.14         0
   164/299     10.1G      1.04     0.372         0      1.41        25       512     0.932     0.609      0.67     0.736      2.67      1.15         0
   165/299     10.1G      1.01     0.384         0      1.39        23       512     0.906     0.625     0.661      0.74      2.62      1.13         0
   166/299     10.1G     0.969     0.353         0      1.32        29       512     0.942     0.593     0.663     0.728      2.59      1.19         0
   167/299     10.1G     0.981     0.362         0      1.34        27       512     0.933     0.623     0.663     0.747      2.56      1.23         0
   168/299     10.1G     0.865     0.355         0      1.22        21       512     0.943     0.605     0.678     0.737      2.53      1.25         0
   169/299     10.1G     0.996     0.345         0      1.34        33       512      0.93     0.578      0.67     0.713      2.45      1.26         0
   170/299     10.1G      0.92     0.336         0      1.26        19       512      0.93     0.572     0.656     0.709      2.47      1.28         0
   171/299     10.1G     0.988     0.348         0      1.34        27       512     0.933     0.608     0.666     0.736      2.45      1.26         0
   172/299     10.1G     0.929     0.337         0      1.27        19       512     0.932     0.596     0.665     0.727      2.54      1.25         0
   173/299     10.1G     0.825     0.348         0      1.17        19       512     0.937      0.58     0.644     0.716      2.61      1.22         0
   174/299     10.1G     0.947     0.344         0      1.29        18       512      0.92     0.585     0.654     0.715      2.59      1.25         0
   175/299     10.1G     0.897     0.346         0      1.24        23       512     0.914     0.614     0.661     0.735      2.58      1.21         0
   176/299     10.1G     0.861     0.347         0      1.21        28       512     0.906     0.627     0.661     0.741      2.56      1.14         0
   177/299     10.1G      0.88     0.318         0       1.2        31       512     0.905     0.551     0.648     0.685       2.6      1.21         0
   178/299     10.1G     0.946     0.324         0      1.27        19       512     0.914     0.539     0.647     0.678      2.61      1.28         0
   179/299     10.1G     0.871     0.331         0       1.2        17       512     0.899     0.578     0.663     0.704      2.61      1.25         0
   180/299     10.1G      0.88     0.324         0       1.2        29       512     0.915     0.626     0.674     0.744      2.56      1.22         0
   181/299     10.1G     0.917     0.351         0      1.27        17       512     0.905     0.618     0.668     0.734      2.58      1.18         0
   182/299     10.1G     0.876     0.337         0      1.21        20       512     0.906     0.601     0.675     0.723      2.57      1.14         0
   183/299     10.1G      0.86     0.314         0      1.17        23       512     0.874     0.603     0.684     0.714      2.58      1.15         0
   184/299     10.1G     0.903     0.314         0      1.22        16       512     0.892     0.601      0.69     0.718      2.61      1.18         0
   185/299     10.1G     0.893      0.33         0      1.22        26       512     0.887     0.628     0.686     0.735      2.63      1.21         0
   186/299     10.1G     0.855     0.346         0       1.2        31       512     0.934      0.61     0.671     0.738      2.66      1.27         0
   187/299     10.1G      0.79     0.322         0      1.11        21       512     0.932     0.597     0.676     0.728      2.63       1.3         0
   188/299     10.1G     0.829     0.327         0      1.16        25       512     0.902     0.602      0.68     0.722      2.54      1.28         0
   189/299     10.1G     0.835     0.316         0      1.15        19       512     0.915      0.62     0.687     0.739      2.56      1.27         0
   190/299     10.1G     0.863     0.338         0       1.2        25       512       0.9     0.609     0.686     0.726      2.58      1.25         0
   191/299     10.1G     0.838     0.321         0      1.16        24       512     0.893     0.594      0.65     0.714      2.66      1.25         0
   192/299     10.1G     0.858     0.307         0      1.16        24       512     0.907     0.634     0.668     0.746      2.68      1.23         0
   193/299     10.1G     0.861     0.306         0      1.17        21       512     0.907     0.637     0.676     0.749       2.6      1.22         0
   194/299     10.1G     0.711     0.302         0      1.01        21       512     0.896     0.622     0.674     0.734      2.56      1.19         0
   195/299     10.1G     0.788     0.297         0      1.09        21       512     0.893     0.616     0.679     0.729      2.55       1.2         0
   196/299     10.1G     0.783     0.331         0      1.11        21       512      0.88     0.586     0.653     0.703      2.55      1.23         0
   197/299     10.1G     0.823     0.293         0      1.12        21       512     0.917     0.565     0.667     0.699      2.57      1.28         0
   198/299     10.1G     0.783     0.337         0      1.12        25       512     0.929     0.569     0.676     0.705      2.58      1.27         0
   199/299     10.1G     0.787     0.292         0      1.08        17       512     0.924     0.618     0.689     0.741      2.63      1.21         0
   200/299     10.1G     0.796     0.319         0      1.12        23       512     0.921     0.592      0.67     0.721      2.59      1.23         0
   201/299     10.1G     0.817      0.33         0      1.15        18       512     0.896     0.558     0.643     0.688      2.59      1.25         0
   202/299     10.1G     0.866      0.31         0      1.18        20       512      0.93     0.574     0.659      0.71      2.56      1.25         0
   203/299     10.1G     0.838     0.291         0      1.13        20       512      0.94     0.564     0.667     0.705      2.56      1.28         0
   204/299     10.1G      0.79     0.296         0      1.09        34       512     0.933     0.551     0.652     0.693      2.55      1.33         0
   205/299     10.1G     0.801     0.292         0      1.09        21       512      0.94     0.563     0.654     0.704      2.58      1.35         0
   206/299     10.1G     0.685     0.289         0     0.974        24       512     0.928     0.561     0.637     0.699      2.58      1.34         0
   207/299     10.1G     0.784     0.298         0      1.08        22       512     0.939      0.56     0.652     0.701      2.58      1.34         0
   208/299     10.1G     0.762     0.299         0      1.06        22       512     0.927     0.556     0.656     0.695      2.59       1.3         0
   209/299     10.1G     0.758     0.291         0      1.05        29       512     0.927     0.551     0.667     0.691      2.58      1.32         0
   210/299     10.1G     0.756     0.294         0      1.05        27       512     0.917     0.551     0.668     0.688       2.6       1.3         0
   211/299     10.1G     0.827     0.298         0      1.12        25       512     0.909     0.581     0.685     0.709      2.65      1.29         0
   212/299     10.1G     0.709     0.287         0     0.996        27       512       0.9      0.58     0.667     0.705      2.63      1.28         0
   213/299     10.1G     0.788     0.296         0      1.08        21       512     0.879     0.582      0.67       0.7      2.62      1.26         0
   214/299     10.1G      0.71     0.298         0      1.01        23       512     0.897     0.571      0.66     0.698      2.68      1.23         0
   215/299     10.1G     0.725     0.289         0      1.01        22       512     0.894     0.551     0.641     0.682      2.64      1.26         0
   216/299     10.1G     0.672     0.275         0     0.947        23       512     0.898     0.574     0.652     0.701      2.68      1.26         0
   217/299     10.1G     0.697     0.291         0     0.988        21       512      0.94      0.58     0.682     0.717      2.61      1.27         0
   218/299     10.1G     0.682      0.28         0     0.962        18       512     0.929     0.572     0.666     0.708      2.59      1.25         0
   219/299     10.1G     0.746      0.26         0      1.01        19       512     0.922     0.601     0.663     0.728      2.59      1.22         0
   220/299     10.1G     0.716     0.287         0         1        30       512     0.909     0.601     0.668     0.724      2.57      1.22         0
   221/299     10.1G     0.693     0.274         0     0.967        19       512     0.914     0.594     0.665      0.72      2.55      1.26         0
   222/299     10.1G     0.738     0.286         0      1.02        23       512      0.91     0.587     0.654     0.714      2.54      1.29         0
   223/299     10.1G     0.733     0.288         0      1.02        23       512     0.897     0.565     0.651     0.693      2.45      1.31         0
   224/299     10.1G     0.656     0.271         0     0.927        25       512     0.913     0.565     0.652     0.698      2.45      1.32         0
   225/299     10.1G     0.635     0.275         0     0.909        23       512     0.894     0.572     0.653     0.698      2.41      1.32         0
   226/299     10.1G     0.769     0.293         0      1.06        14       512     0.899      0.58      0.64     0.705      2.46      1.31         0
   227/299     10.1G     0.669     0.282         0     0.951        26       512     0.905     0.587     0.643     0.712      2.47       1.3         0
   228/299     10.1G     0.639     0.254         0     0.893        20       512     0.931     0.583     0.653     0.717      2.48      1.31         0
   229/299     10.1G     0.719     0.279         0     0.998        25       512     0.907     0.551     0.646     0.685      2.51      1.31         0
   230/299     10.1G     0.691     0.252         0     0.943        27       512     0.907     0.565     0.648     0.696       2.5      1.31         0
   231/299     10.1G     0.657     0.268         0     0.925        27       512     0.886     0.563     0.646     0.689      2.52      1.32         0
   232/299     10.1G     0.622     0.258         0      0.88        21       512     0.917     0.562      0.65     0.697      2.59      1.31         0
   233/299     10.1G     0.701     0.265         0     0.966        22       512     0.918     0.568     0.657     0.702       2.6      1.32         0
   234/299     10.1G     0.677     0.274         0     0.951        26       512     0.905     0.549     0.656     0.683      2.58      1.34         0
   235/299     10.1G     0.715     0.262         0     0.976        20       512     0.914     0.539     0.641     0.678      2.57      1.34         0
   236/299     10.1G     0.596     0.265         0      0.86        25       512     0.901     0.527     0.635     0.665      2.54      1.35         0
   237/299     10.1G     0.625     0.254         0     0.879        18       512     0.904     0.545     0.647      0.68      2.54      1.34         0
   238/299     10.1G     0.629     0.277         0     0.906        25       512     0.904     0.558     0.647      0.69      2.54      1.33         0
   239/299     10.1G     0.605     0.272         0     0.877        21       512     0.896     0.558     0.651     0.688      2.55      1.33         0
   240/299     10.1G     0.628     0.269         0     0.897        20       512     0.906     0.557     0.649      0.69      2.52      1.33         0
   241/299     10.1G      0.71     0.255         0     0.965        19       512     0.917     0.543     0.651     0.683      2.53      1.34         0
   242/299     10.1G     0.636      0.28         0     0.916        38       512     0.918     0.551     0.651     0.688      2.53      1.33         0
   243/299     10.1G     0.667     0.251         0     0.918        23       512     0.927     0.556     0.646     0.695      2.55      1.34         0
   244/299     10.1G     0.634     0.242         0     0.876        27       512     0.918     0.568     0.644     0.702      2.51      1.36         0
   245/299     10.1G       0.6     0.247         0     0.848        24       512     0.925     0.572     0.645     0.707      2.51      1.38         0
   246/299     10.1G     0.629     0.256         0     0.884        18       512     0.917     0.562     0.637     0.697      2.51      1.38         0
   247/299     10.1G     0.594     0.285         0     0.878        21       512      0.91     0.558     0.636     0.692       2.5      1.37         0
   248/299     10.1G     0.563     0.263         0     0.826        27       512     0.918     0.567     0.643     0.701      2.51      1.37         0
   249/299     10.1G     0.558     0.247         0     0.805        22       512      0.93     0.577     0.643     0.712      2.52      1.39         0
   250/299     10.1G     0.574     0.237         0     0.811        18       512     0.939     0.561     0.646     0.702      2.56       1.4         0
   251/299     10.1G     0.608     0.275         0     0.883        22       512     0.937     0.543     0.645     0.688      2.55      1.39         0
   252/299     10.1G     0.602     0.245         0     0.847        22       512     0.923     0.551     0.644      0.69      2.55      1.39         0
   253/299     10.1G     0.608      0.26         0     0.868        23       512     0.907     0.536     0.631     0.674      2.54       1.4         0
   254/299     10.1G     0.619     0.257         0     0.876        26       512     0.911     0.543     0.638     0.681      2.53      1.41         0
   255/299     10.1G     0.578     0.248         0     0.827        22       512     0.928     0.557     0.645     0.696      2.52      1.41         0
   256/299     10.1G     0.595     0.254         0     0.849        18       512     0.914     0.558     0.644     0.693      2.52      1.41         0
   257/299     10.1G     0.544     0.251         0     0.795        26       512     0.906     0.558     0.639     0.691      2.53       1.4         0
   258/299     10.1G     0.563     0.275         0     0.838        22       512     0.902     0.558     0.642      0.69      2.54      1.39         0
   259/299     10.1G     0.618     0.271         0     0.888        23       512     0.929     0.565     0.642     0.702      2.54      1.39         0
   260/299     10.1G     0.575     0.246         0     0.821        21       512      0.93     0.575     0.637     0.711      2.53      1.37         0
   261/299     10.1G     0.596     0.238         0     0.834        20       512     0.911     0.572     0.636     0.703      2.51      1.37         0
   262/299     10.1G     0.645     0.247         0     0.892        22       512     0.922     0.565     0.633     0.701      2.52      1.37         0
   263/299     10.1G     0.582     0.245         0     0.828        18       512      0.94     0.563     0.635     0.704      2.53      1.38         0
   264/299     10.1G     0.563     0.236         0     0.799        16       512     0.931     0.551     0.631     0.692      2.53      1.39         0
   265/299     10.1G     0.582      0.24         0     0.822        16       512     0.926     0.543     0.634     0.684      2.53      1.38         0
   266/299     10.1G      0.52     0.245         0     0.765        20       512     0.927     0.553     0.637     0.693      2.53      1.39         0
   267/299     10.1G      0.54     0.256         0     0.796        21       512     0.937     0.542     0.644     0.687      2.55      1.38         0
   268/299     10.1G      0.56     0.256         0     0.816        27       512     0.939     0.562     0.654     0.703      2.56      1.39         0
   269/299     10.1G     0.601     0.251         0     0.853        27       512     0.938     0.551     0.655     0.695      2.54      1.38         0
   270/299     10.1G     0.545     0.251         0     0.795        18       512     0.938     0.558     0.654       0.7      2.53      1.39         0
   271/299     10.1G     0.538     0.272         0     0.809        21       512     0.932     0.558     0.653     0.698      2.53      1.39         0
   272/299     10.1G     0.668     0.217         0     0.885        25       512     0.924     0.565     0.647     0.702      2.52       1.4         0
   273/299     10.1G      0.54     0.234         0     0.774        24       512     0.931     0.565     0.647     0.704      2.53       1.4         0
   274/299     10.1G     0.565     0.254         0     0.819        27       512     0.941     0.576     0.643     0.715      2.56       1.4         0
   275/299     10.1G     0.557     0.224         0     0.781        35       512     0.934     0.572     0.648      0.71      2.55      1.41         0
   276/299     10.1G     0.585     0.237         0     0.822        24       512     0.941     0.576     0.647     0.714      2.54      1.42         0
   277/299     10.1G     0.533     0.252         0     0.785        22       512      0.94     0.563     0.647     0.704      2.55      1.42         0
   278/299     10.1G     0.532      0.23         0     0.761        20       512     0.925     0.558     0.654     0.696      2.54      1.42         0
   279/299     10.1G      0.56     0.254         0     0.814        25       512     0.928     0.564     0.653     0.702      2.54      1.41         0
   280/299     10.1G     0.508     0.244         0     0.752        23       512     0.931     0.565     0.655     0.703      2.54       1.4         0
   281/299     10.1G     0.555     0.235         0      0.79        22       512      0.94     0.558     0.641       0.7      2.56      1.41         0
   282/299     10.1G     0.575     0.221         0     0.796        25       512     0.917     0.559      0.64     0.694      2.57      1.41         0
   283/299     10.1G     0.547     0.217         0     0.763        23       512     0.917     0.561     0.639     0.696      2.57      1.41         0
   284/299     10.1G     0.515     0.218         0     0.733        32       512     0.927     0.548     0.643     0.689      2.57      1.41         0
   285/299     10.1G     0.585     0.238         0     0.824        25       512     0.917     0.558     0.634     0.694      2.56      1.42         0
   286/299     10.1G     0.594     0.237         0      0.83        26       512     0.928     0.564     0.638     0.702      2.56       1.4         0
   287/299     10.1G     0.567     0.236         0     0.803        26       512      0.94     0.564     0.639     0.705      2.56       1.4         0
   288/299     10.1G     0.588     0.258         0     0.846        23       512      0.94     0.569     0.639     0.709      2.56       1.4         0
   289/299     10.1G     0.576      0.23         0     0.806        20       512     0.935     0.565      0.64     0.704      2.55      1.39         0
   290/299     10.1G     0.552     0.231         0     0.783        27       512      0.94     0.568     0.646     0.708      2.54      1.39         0
   291/299     10.1G      0.54     0.233         0     0.772        17       512     0.928     0.564     0.641     0.701      2.52      1.39         0
   292/299     10.1G     0.572     0.228         0       0.8        21       512     0.934      0.58     0.641     0.715      2.54      1.39         0
   293/299     10.1G     0.518     0.235         0     0.753        30       512     0.917      0.56      0.64     0.695      2.54       1.4         0
   294/299     10.1G     0.479     0.256         0     0.735        27       512     0.917     0.561      0.64     0.696      2.52       1.4         0
   295/299     10.1G     0.509      0.24         0      0.75        21       512     0.928     0.562     0.641       0.7      2.53      1.41         0
   296/299     10.1G     0.536     0.238         0     0.774        21       512     0.928     0.558     0.642     0.697      2.54      1.42         0
   297/299     10.1G     0.509     0.239         0     0.748        19       512     0.928     0.565     0.649     0.703      2.53      1.42         0
   298/299     10.1G     0.536     0.227         0     0.763        20       512     0.928     0.562     0.652       0.7      2.53      1.41         0
   299/299     10.1G     0.528     0.221         0     0.748        24       512     0.928     0.557     0.647     0.696      2.53      1.41         0
